0
0.18552941494761455
0.3646167702819711
0.5310436913083055
0.6790314062517739
0.8034414001121276
0.8999538371524847
0.9652175567333839
0.9969664342500459
0.9940980668211047
0.9567120515588304
0.8861065273006133
0.7847330998817074
0.6561117160599735
0.5047084418894305
0.33578038939258076
0.15519317607726635
-0.030782744425762083
-0.21568980867919604
-0.39310756669040386
-0.556875616488188
-0.701307509161778
-0.82138819702765
-0.9129481690147337
-0.9728082268385124
-0.9988898749619699
-0.99028749131935
-0.9472997728491276
-0.8714193639662131
-0.7652810280995759
-0.6325701619131247
-0.4778948288319591
-0.3066257551998825
-0.12470984481409877
0.06153631290674635
0.24564577119242575
0.42122577498587194
0.5821797338803679
0.7229189114565097
0.8385564806194028
0.925077206834458
0.979476867422391
0.9998665659160453
0.9855383194156219
0.936989641580263
0.8559062676711341
0.7451036214770378
0.608429056541836
0.45062826613027523
0.27718050052262205
0.09410831331851592
-0.09223155715119283
-0.27536891016802395
-0.4489447446760991
-0.606932060193379
-0.7438451298070243
-0.8549299787549524
-0.9363294546861235
-0.9852171579345607
-0.9998955814026943
-0.979855052384247
-0.9257914297146199
-0.8395819417580839
-0.7242200041991642
-0.5837112809325298
-0.42293459708530484
-0.24747253363020277
-0.06341758578132636
0.12283938414716236
0.3048310539573112
0.47623820366793806
0.6311091351244098
0.7640663303030447
0.8704931726010584
0.9466942476674268
0.9900236577165574
0.9989768939209827
0.9732430768367236
0.9137157509390894
0.8224618584547798
0.7026499697988493
0.5584402626407933
0.3948400698102017
0.2175300117911776
0.03266675093352628
-0.15333078373695933
-0.3340042782833478
-0.5030802831680992
-0.6546880435950209
-0.7835633472515823
-0.8852313113324533
-0.956161762007508
-0.99389181115858
-0.9971113742046843
-0.9657086596162799
-0.9007740506053997
-0.8045622442093262
-0.6804139623964731
-0.5326399535866995
-0.3663713123523193
-0.1873813145857278
-0.0018849544759319287
0.18367685611300388
0.3628609327076266
0.5294455422016554
0.6776464374701003
0.8023177013422146
0.89913042611271
0.9647230243779427
0.9968179520173058
0.9943007903969991
0.957258941858149
0.8869785948821879
0.7859000643107653
0.6575330573229081
0.5063348073531339
0.3375553074551078
0.1570550170074462
-0.028898628545166716
-0.21384883920913256
-0.3913736668372015
-0.5553089917250336
-0.6999625567394795
-0.8203116171618211
-0.9121773433339239
-0.9723699203976757
-0.9987993068907618
-0.9905478063747026
-0.9479019322211828
-0.8723424591291042
-0.7664930068093521
-0.6340289411442962
-0.4795497560086368
-0.30841936698381467
-0.12657986237990643
0.059654821390167784
0.24381813596133506
0.419515456247446
0.5806461183106995
0.7216152501420943
0.8375280400421404
0.9243596971026828
0.9790952023238538
0.9998339978469627
0.9858559792233189
0.9376464992972363
0.8568795155039586
0.7463594657517617
0.6099238911074591
0.45231018647674515
0.2789911060392305
0.09598473511367984
-0.09035447327992958
-0.2735563414121207
-0.44725962809586994
-0.605432907380998
-0.7425839952132122
-0.8539506522242267
-0.9356659409604967
-0.9848924959212407
-0.9999210442038161
-0.9802297558657086
-0.9265023632054957
-0.8406044198146628
-0.725518523747202
-0.5852407540255127
-0.4246419164742048
-0.24929841678407672
-0.06529863332964071
0.12096848702495143
0.3030352696327715
0.47457988640265575
0.6296458659692571
0.7628489177356482
0.8695638883244495
0.9460853588275446
0.989756306503741
0.9990603634586166
0.9736744688472629
0.9144800863797271
0.8235325976284323
0.7039899338808588
0.5600029246235736
0.3965711700409103
0.21936944200672973
0.034550641374473244
-0.15146784660370735
-0.3322269804380336
-0.5014503369740868
-0.6532620449864353
-0.7823908105765834
-0.8843529500874014
-0.9556080751593892
-0.9936820241422631
-0.997252771366241
-0.9661963312817147
-0.9015910635571884
-0.8056802296513828
-0.6817941009919001
-0.5342343233652254
-0.3681245526846839
-0.18923254844743428
-0.0037699022545140434
0.1818236446641369
0.3611038058678759
0.5278455119450614
0.6762590609723271
0.8011911518921557
0.8983038204117026
0.9642250643070577
0.9966659280340294
0.9944999811659757
0.9578024309623312
0.8878475109786704
0.7870642363924706
0.6589520623337205
0.5079593737806416
0.3393290261645463
0.15891629991226974
-0.02701440998611664
-0.21200710992205052
-0.389638376411229
-0.5537403939176427
-0.6986151173106472
-0.8192321226824418
-0.9114032766354437
-0.9719281590715428
-0.998705190029152
-0.990804601957701
-0.9485007236440863
-0.8732624548099217
-0.767702262126144
-0.6354854676347941
-0.4812029793179267
-0.31021188293629604
-0.12844943020030541
0.05777311791663462
0.2419896344306262
0.41780364694689426
0.5791104396725453
0.7203090248879055
0.8364966236804029
0.9236389030686458
0.9787100584447103
0.9997978773111629
0.9861701362289891
0.9383000255031908
0.857849718795423
0.7476126581691068
0.6114165585790197
0.45399049973955397
0.2808007202846705
0.09786081586966075
-0.08847706837412012
-0.27174280069507334
-0.4455729223768896
-0.6039316034312733
-0.7413202221764897
-0.852968291558556
-0.9349991027608894
-0.9845643345292042
-0.99994295422894
-0.9806009765354328
-0.9272100047810964
-0.8416239111562159
-0.7268144654869023
-0.5867681477250157
-0.4263477270863711
-0.25112341416658585
-0.06717944886821228
0.11909716009486394
0.3012384086067892
0.4729198829282063
0.6281803596467443
0.7616287947229167
0.8686315144381886
0.9454731084928987
0.9894854386308141
0.9991402832783002
0.9741024013373719
0.9152411726209194
0.8246004107442062
0.7053273966468313
0.5615635968843045
0.39830086123182284
0.22120809279025813
0.03643440905504705
-0.14960437129663706
-0.3304485021714764
-0.499818609098676
-0.651833725300876
-0.7812154940228087
-0.8834714466863235
-0.9550509929817587
-0.9934687065175396
-0.9973906252323239
-0.966680569996963
-0.9024048731049622
-0.8067953524660427
-0.6831718171343403
-0.5358267949789988
-0.3698764850496986
-0.1910831099551984
-0.005654836638416773
0.17996978718557796
0.3593453960058822
0.5262436062235261
0.6748692816878797
0.8000617557646388
0.8974740229864383
0.9637236782900074
0.9965103628403672
0.994695638420297
0.9583425169403285
0.8887132725027542
0.7882256119904406
0.6603687260506059
0.5095821353997844
0.34110153921876846
0.16077701817849577
-0.02513009544333714
-0.21016462736172511
-0.3879017015780845
-0.5521698286393221
-0.6972651956628038
-0.8181497174250195
-0.9106259716695994
-0.9714829444297145
-0.9986075247115425
-0.9910578771559371
-0.9490961449902966
-0.8741793477398695
-0.7689087897533963
-0.6369397362094998
-0.4828544928858151
-0.31200329668842713
-0.13031854163262438
0.05589120917195099
0.24016027309706603
0.4160903531663623
0.5775727034222633
0.7190002403350231
0.8354622351988742
0.9229148272933735
0.9783214371534017
0.9997582044369839
0.9864807893164147
0.9389502178761117
0.858816874098344
0.7488631942764201
0.6129070536529798
0.4556691999484425
0.2826093368292668
0.09973654892062347
-0.0865993491042849
-0.2699282944604929
-0.44388463351213947
-0.6024281536784143
-0.740053815187102
-0.8519829002483269
-0.9343289424566059
-0.9842326749244266
-0.9999613114002184
-0.980968713074451
-0.9279143519271327
-0.8426404121604336
-0.7281078248137328
-0.5882934566041128
-0.4280520228609574
-0.25294751929340437
-0.06906002571440774
0.11722541000584437
0.29944047726370454
0.4712581991426807
0.6267126213639124
0.76040596560003
0.8676960542550547
0.9448574988388461
0.9892110550601846
0.9992166530960729
0.9745268727865806
0.9159990069584876
0.825665294008104
0.7066623533446896
0.5631222738778409
0.40002913723727807
0.22304595760892051
0.03831804728209866
-0.14774036443677807
-0.32866884980270994
-0.49818510533949106
-0.6504030896132357
-0.7800374017662196
-0.8825868042612508
-0.9544905174539609
-0.9932518590423395
-0.9975249353131309
-0.9671613740414992
-0.9032154763572007
-0.8079076086912051
-0.684547105928698
-0.537417362769884
-0.3716271032226519
-0.19293299253388438
-0.007539750930372352
